0 21.695169018322076 -21.602892264669407
1 -52.243023819854464 59.71146613239159
2 79.96661458131237 69.26928078786585
3 57.863475427985634 -27.830281123680535
4 22.297097071303256 7.2598289707962635
5 -17.423682942684465 79.70648389878215
6 -12.462065912887638 -84.68972466009753
7 90.02269391536373 -92.75389668585466
8 -6.320834283163464 38.953684548811395
9 14.013163190496101 -86.57780937767801
10 75.32144493843296 -72.04826265024016
11 38.0737941210906 -78.97355863311175
12 13.03427267970136 88.23000293723732
