0 -20.39816212622918 -29.522029251339376
1 -52.06264788362442 45.98503291326253
2 37.63828775916872 -47.48169409438485
3 17.565021377341992 36.06008294570407
4 -37.73965356664326 -45.10112556766428
5 0.8699003812839834 -54.1858062372893
6 -51.84112903909357 56.874700650615296
7 -2.5914064634322784 -57.67527124291427
8 -1.3414643589413373 -40.84402501562805
9 5.068143261125812 -20.873250666404644
10 -61.72815406415659 14.706214881170482
11 -90.86865796795196 20.487022760838997
12 -68.44670968524198 76.50079074297639
13 2.6570015573231984 -59.559235813244385
