0 40.31925856755649 2.226235873149591
1 -66.06024969066846 17.94229118647401
2 -42.90403376403029 25.830975927502166
3 -3.395560341271448 -73.6965100530688
4 36.68310697381375 37.67557958976781
5 13.442989501131947 -21.883797346779346
6 95.42972436711963 48.975974789302825
7 -16.418575154696796 -94.49378444698357
8 -33.75777492093674 4.432417645792654
9 -58.732899490521916 -20.652877141167906
10 -15.377161465899064 -15.349590834410549
11 -2.2223138887197393 -61.364983196594956
12 -94.47261894370438 -17.21276727079956
13 6.523766238344848 34.736394200997864
14 -87.21564948188896 -52.722229095299625
