0 54.99397410226419 -6.234746730139335
1 18.828480809303187 54.22490320773338
2 34.03698889123453 -69.4051912426303
3 -67.9430683550883 63.86549204301633
4 -58.96750774212131 62.22144117585765
5 25.29091227839359 84.90324701489763
6 99.75071060905509 -23.613816802239512
7 -31.32903176578732 -24.072732291798516
8 -38.596552177809976 96.45181823196148
9 -5.573078830836906 -9.197924799692387
10 -51.08155714527742 -53.04096907081295
11 72.77997284461543 -37.60366254793526
12 68.1461110499971 24.81562980925318
13 0.3635267629174166 21.061426596717922
14 14.358484838115999 9.392814370338158
15 53.494088058705074 52.526077919832375
