0 21.687033199897485 82.63728130814988
1 -30.224541930862642 74.03030870425559
2 13.638059067522263 16.39027056901361
3 -95.77678573991344 93.00578635667569
4 77.62444832670502 47.973740252697155
5 -57.14307023948501 -98.76856702261327
6 -91.63184146563252 -97.3125096065923
7 55.39406986919241 56.05969856217584
8 -35.5510666409977 -24.35193694684044
9 82.0162715303581 65.97101909348032
10 -79.31581874608018 -61.526397558946066
11 -75.01869333195626 -8.830310089934642
12 -90.81603882690521 26.88985055497595
13 56.02248340771962 82.08719214465765
14 7.871090351606384 86.88878680722343
15 3.121073278753599 93.2611308601503
16 -5.397313516532904 -91.3997608642866
