0 67.44763622754581 -56.95029717410214
1 72.81126093410614 62.44908221450976
2 -84.40816734322317 9.25220446888531
3 61.49486848709847 -89.50028359452331
4 -41.264830975896146 -7.565884748063084
5 59.34921293094649 4.325285350539502
6 -12.049770989455382 -86.87249871428799
7 -84.30688195721456 -48.5986452302404
8 -67.01338777084865 69.59579636203537
9 -42.9782185316224 28.282312696977527
10 -53.683566173267174 96.40424196182656
11 40.51680934779151 -90.72313922034229
12 -4.232087763370956 -78.61249254240369
13 36.97878834569778 -67.59865535544455
14 92.1147419372796 -21.75724216852109
15 59.029574320757405 69.59578159091734
16 -63.25556986223766 77.05998000723983
17 -53.185863332238846 61.53505007497418
