0 73.82225757286466 -10.934025876417294
1 23.601475280293613 18.9333922274933
2 -40.09785207883723 -39.71569368338719
3 -25.51254859542918 20.44864161562097
4 58.32249647268398 -84.45494693391662
5 13.742453474962232 -88.91174064395565
6 47.70013683155378 -58.856582039416104
7 50.388922397950154 -9.620897990338335
8 30.976645884833573 41.72833051180584
9 -97.74169781212119 -34.565061484636914
10 -5.513403439342724 92.8001276653153
11 -61.722863546789064 -78.57496160043465
12 74.17848285870633 5.457649558089074
13 79.17563737422597 20.079910691919963
14 -74.52412635772632 83.16720121079999
15 -73.05728709379582 -37.56121587843282
16 -12.83329585753485 79.34945739530522
17 -31.132754351731705 -2.9545556221784324
18 -68.10835505219022 -29.15497718783709
