0 -43.25444219382353 25.897138141763236
1 33.26364249006119 0.3713827533812264
2 -69.84481983587065 53.90216594358819
3 88.10156701092504 55.76546450118613
4 58.31060196046633 -98.39015544134784
5 77.53167566925816 87.77481554087382
6 99.26569637994939 -13.461808285789402
7 19.515181431872406 -34.463960344937774
8 -27.35530629878336 -64.42520761112007
9 -72.74632560915775 -79.43459268378123
10 -45.272275138463705 85.7523568632048
11 42.204216817923935 13.369279003509789
12 15.814947065566216 47.64376233355338
13 -90.16935725069224 -26.27420774691342
14 -33.02022554066626 21.23117442307168
15 45.398763089081314 -3.726546226322313
16 98.78542060364435 -35.55873460403403
17 56.70298236838056 -44.77261357600921
18 50.869871359247526 89.6342802475418
19 -97.21771637339272 -20.42794512603605
