0 -56.36122425009871 0.15844541307879467
1 62.370819086848115 -52.75528385173436
2 96.0779730154403 21.056126450791893
3 -12.83829154659415 -44.49807491730302
4 33.34280370114823 -13.335320545916218
5 -15.388320913788121 63.38276756106879
6 36.76706523173189 -92.01773680092377
7 90.57785872627443 91.97663243921104
8 -10.045192299668159 -85.61911881875682
9 54.502376776518844 24.38101551304854
10 -44.27271457410895 -30.5020391270193
11 69.66656572418634 97.79523701342072
12 93.5355606867648 29.517736268274177
13 8.025899562823824 -44.82163548197961
14 -1.1299186267155648 18.2261903531828
15 45.100976513910496 -0.13466212919048814
16 30.712567539918325 34.20330343889023
17 24.270015926399964 94.71125880346551
18 33.91097007795901 32.28901300041659
19 -27.670914267648342 -8.57350282398275
20 56.500692745556734 24.142277891852885
