0 -78.216641025803 -43.03715246253863
1 99.19277218936483 55.85301160662348
2 36.446230561861 -45.184948314876586
3 -18.428223449400875 58.95817388801649
4 -22.117051687076497 67.34024919563649
5 -34.71241041685103 43.53778216922288
6 -0.2678641181295376 -32.651194522059384
7 -16.74388474694078 -63.68964848628353
8 67.61127077898942 90.16136722878838
9 0.5222230056346433 80.04301143000492
10 49.899013373708385 -53.883258151164725
11 -91.50482218750335 15.35148261338206
12 -44.54949284642089 71.40651489087384
13 6.416295695461315 42.74780803440194
14 73.9382010225842 -39.32204835814055
15 25.099499931287795 64.14519461287779
16 -89.96607354846076 14.583883701926112
17 81.82337488264503 24.33750045220495
18 10.227013691750358 -4.596184666812974
19 -41.712770779942154 63.11889894619637
20 -53.52018584340503 29.64989469703326
21 63.287040998837654 -89.99275898560192
