0 -7.071332963499927 76.11226888502347
1 46.58823073775636 91.98693383383946
2 45.86881705815878 -30.751630913108613
3 -92.30458796567301 -40.376119779244846
4 -32.24856004607592 -68.12505629357943
5 56.03318184170712 -10.852228608438026
6 3.526750626829539 25.475548142484115
7 -27.558401618203575 -81.47508993653534
8 -68.44396129025539 9.764595167550567
9 80.63339043172272 94.78767945262368
10 -93.82777931728126 -18.10569456966479
11 -93.5270908213691 82.82172775975462
12 -3.229397577511392 -73.13880979306909
13 11.198071856150733 -27.25930920053483
14 33.61096728405087 21.393230676877124
15 36.465307577662855 -87.64002560897887
16 44.743113498491056 -18.11532975325221
17 4.041391933572001 5.540055251836364
18 86.91639825838149 40.071405842612535
19 83.972475355514 65.2835606890809
20 46.762105344567715 18.150869085958306
21 -25.666279945789 -57.81501778413851
22 -91.4573610970427 -86.70321188602487
