0 -24.919964660062604 54.192112860084194
1 -91.40502211089301 24.411309119938096
2 -60.10106919165017 56.277734230321016
3 75.01941152006538 31.29998606699317
4 31.70502914729738 -1.3801517548584883
5 52.94879520419741 -1.5696760065937667
6 22.8045690737259 74.84362779604407
7 -48.9729218076451 76.18226359055816
8 15.328068102899167 -40.659398703852
9 -53.88023059100562 -42.9306073413086
10 93.81519452157272 -12.062368955324757
11 -95.57156054680559 -4.654390254299031
12 -15.381034436476753 49.705375024977144
13 92.0013440268788 -5.817859621654236
14 -40.2247258572968 91.38711404085919
15 1.1838085773307512 -4.128555390966952
16 -66.27874064762074 -87.20682805939379
17 32.50084886499195 11.151563033262008
18 -75.89521919893009 -11.101264057770493
19 31.19542058595411 88.65512962602881
20 -54.95157684928667 -63.69521733154633
21 66.93955497559531 2.6745669755370756
22 -7.686902694171053 -86.60463186668686
23 -26.683453041550976 -20.591917780926707
