0 70.93411640707475 79.26941156345097
1 -78.86768040783457 -1.9842886099196448
2 -90.2679629161558 64.51189293417247
3 -39.36662351336604 -62.0427342904982
4 71.76312035265119 -64.60139364465887
5 -37.8595905016122 -62.83855995756351
6 56.96774595345181 -94.29839200743561
7 -95.00145390738783 48.699124687842755
8 -49.93198376245722 -71.00201354558459
9 67.73938704940997 -93.66703573073166
10 58.17233915098032 53.80314642639655
11 -74.07407431574293 22.86457454738718
12 -83.64967465400521 -58.99279498265282
13 87.70222824357623 -89.66126292785495
14 75.74222394125883 61.99132215637377
15 -4.901193552034016 24.47796436750373
16 89.06467110882085 46.75103079259543
17 51.04472853599452 -54.90186480305326
18 -2.054510028723527 -55.12280140551826
19 -39.750873687439366 32.31934772433061
20 -20.395075673774585 -87.72571671340059
21 5.009927222914129 -66.71316698492751
22 73.17743204425275 50.50310827227091
23 25.188753113139953 67.12494244728327
24 -7.721310145768271 37.33625476740454
